N,HeapSort
100,3.8e-05
200,8.8e-05
300,0.000118
400,0.00014
500,0.000178
600,0.00022
700,0.000264
800,0.000338
900,0.000351
1000,0.000408
1100,0.000437
1200,0.000478
1300,0.000501
1400,0.000519
1500,0.000577
1600,0.000648
1700,0.000646
1800,0.000687
1900,0.000985
2000,0.000889
2100,0.001383
2200,0.000949
2300,0.001046
2400,0.000946
2500,0.000992
2600,0.0011
2700,0.001134
2800,0.001126
2900,0.0012
3000,0.001279
3100,0.001304
3200,0.001361
3300,0.001618
3400,0.002078
3500,0.001615
3600,0.001506
3700,0.001629
3800,0.001571
3900,0.001697
4000,0.00184
4100,0.001757
4200,0.002112
4300,0.002024
4400,0.001995
4500,0.002535
4600,0.002185
4700,0.002191
4800,0.002064
4900,0.002107
5000,0.00223
5100,0.002335
5200,0.002227
5300,0.002313
5400,0.002429
5500,0.00274
5600,0.003262
5700,0.002742
5800,0.002573
5900,0.002681
6000,0.004014
6100,0.002828
6200,0.002869
6300,0.002901
6400,0.003111
6500,0.003197
6600,0.002983
6700,0.003419
6800,0.003087
6900,0.003181
7000,0.003292
7100,0.003238
7200,0.003496
7300,0.003785
7400,0.003371
7500,0.003389
7600,0.003432
7700,0.003579
7800,0.003662
7900,0.003773
8000,0.00464
8100,0.003737
8200,0.003885
8300,0.003864
8400,0.003961
8500,0.003961
8600,0.004575
8700,0.004407
8800,0.004032
8900,0.004207
9000,0.004144
9100,0.004201
9200,0.005164
9300,0.004694
9400,0.004484
9500,0.004554
9600,0.004517
9700,0.004604
9800,0.005569
9900,0.004642
10000,0.004727
10100,0.00486
10200,0.004834
10300,0.005964
10400,0.004887
10500,0.004906
10600,0.005033
10700,0.004981
10800,0.006015
10900,0.005254
11000,0.005184
11100,0.005312
11200,0.005445
11300,0.006038
11400,0.005466
11500,0.005421
11600,0.005499
11700,0.014885
11800,0.006147
11900,0.006121
12000,0.00582
12100,0.006678
12200,0.005849
12300,0.005925
12400,0.005996
12500,0.007376
12600,0.006077
12700,0.00609
12800,0.006108
12900,0.007627
13000,0.006401
13100,0.006422
13200,0.006418
13300,0.007674
13400,0.006526
13500,0.006582
13600,0.006545
13700,0.008
13800,0.006642
13900,0.006778
14000,0.006735
14100,0.007744
14200,0.006938
14300,0.006979
14400,0.007808
14500,0.007119
14600,0.007057
14700,0.007154
14800,0.007987
14900,0.007305
15000,0.007249
15100,0.008702
15200,0.007496
15300,0.007472
15400,0.007842
15500,0.00792
15600,0.007699
15700,0.007606
15800,0.00879
15900,0.008103
16000,0.007766
16100,0.009269
16200,0.007973
16300,0.008086
16400,0.009515
16500,0.008097
16600,0.008195
16700,0.008909
16800,0.00844
16900,0.008281
17000,0.008713
17100,0.008967
17200,0.008403
17300,0.008935
17400,0.008838
17500,0.008691
17600,0.009577
17700,0.009118
17800,0.00876
17900,0.009799
18000,0.008931
18100,0.009116
18200,0.009879
18300,0.009078
18400,0.009163
18500,0.010557
18600,0.009221
18700,0.009492
18800,0.010004
18900,0.009325
19000,0.010231
19100,0.009597
19200,0.00958
19300,0.010508
19400,0.00969
19500,0.009805
19600,0.010805
19700,0.009932
19800,0.010819
19900,0.010006
20000,0.010038
20100,0.010863
20200,0.01019
20300,0.011194
20400,0.010289
20500,0.011172
20600,0.010418
20700,0.010566
20800,0.011452
20900,0.010497
21000,0.011779
21100,0.010633
21200,0.010862
21300,0.011535
21400,0.010914
21500,0.012219
21600,0.01108
21700,0.012041
21800,0.010977
21900,0.012118
22000,0.011218
22100,0.011291
22200,0.012693
22300,0.011486
22400,0.0132
22500,0.011401
22600,0.012915
22700,0.011604
22800,0.012759
22900,0.011692
23000,0.011713
23100,0.01295
23200,0.011851
23300,0.013234
23400,0.01199
23500,0.012993
23600,0.012137
23700,0.013258
23800,0.012117
23900,0.013219
24000,0.012269
24100,0.013449
24200,0.012514
24300,0.013303
24400,0.012571
24500,0.012933
24600,0.012646
24700,0.013402
24800,0.012781
24900,0.013633
25000,0.012897
25100,0.013719
25200,0.012968
25300,0.013554
25400,0.013125
25500,0.013426
25600,0.013287
25700,0.013845
25800,0.013385
25900,0.014174
26000,0.013626
26100,0.014566
26200,0.013661
26300,0.015936
26400,0.013676
26500,0.01517
26600,0.013776
26700,0.014856
26800,0.014041
26900,0.014956
27000,0.014459
27100,0.014267
27200,0.015087
27300,0.01444
27400,0.015391
27500,0.014418
27600,0.015588
27700,0.014337
27800,0.015327
27900,0.021363
28000,0.023258
28100,0.021241
28200,0.015932
28300,0.015065
28400,0.014937
28500,0.015894
28600,0.014935
28700,0.015897
28800,0.01503
28900,0.015999
29000,0.015909
29100,0.016046
29200,0.01517
29300,0.016284
29400,0.015276
29500,0.016441
29600,0.015625
29700,0.015879
29800,0.016694
29900,0.015821
30000,0.017099
30100,0.016572
30200,0.01582
30300,0.017216
30400,0.015878
30500,0.016658
30600,0.017419
30700,0.016
30800,0.017616
30900,0.017534
31000,0.016349
31100,0.017757
31200,0.016605
31300,0.016735
31400,0.017518
31500,0.016619
31600,0.017438
31700,0.017494
31800,0.016618
31900,0.018008
32000,0.017687
32100,0.016978
32200,0.018062
32300,0.018102
32400,0.017142
32500,0.018289
32600,0.019965
32700,0.017206
32800,0.018343
32900,0.018658
33000,0.019277
33100,0.018565
33200,0.018809
33300,0.018582
33400,0.017941
33500,0.019028
33600,0.018756
33700,0.017875
33800,0.018805
33900,0.018976
34000,0.017948
34100,0.019053
34200,0.019696
34300,0.019558
34400,0.018333
34500,0.019094
34600,0.019634
34700,0.018336
34800,0.019191
34900,0.019812
35000,0.019747
35100,0.018674
35200,0.020096
35300,0.020158
35400,0.019153
35500,0.01894
35600,0.019864
35700,0.020042
35800,0.019048
35900,0.019582
36000,0.020278
36100,0.020441
36200,0.019357
36300,0.020141
36400,0.020524
36500,0.020808
36600,0.019717
36700,0.01974
36800,0.021154
36900,0.020895
37000,0.020613
37100,0.020049
37200,0.020851
37300,0.021358
37400,0.021377
37500,0.02001
37600,0.020601
37700,0.021358
37800,0.021158
37900,0.021392
38000,0.020515
38100,0.021174
38200,0.02132
38300,0.021507
38400,0.021518
38500,0.020662
38600,0.021624
38700,0.022357
38800,0.021569
38900,0.021968
39000,0.021267
39100,0.021068
39200,0.022217
39300,0.022496
39400,0.022248
39500,0.022268
39600,0.021515
39700,0.021535
39800,0.022677
39900,0.022531
40000,0.023048
40100,0.022648
40200,0.021862
40300,0.021775
40400,0.02287
40500,0.022642
40600,0.023328
40700,0.022834
40800,0.022371
40900,0.022231
41000,0.022072
41100,0.023098
41200,0.022592
41300,0.034129
41400,0.023525
41500,0.022559
41600,0.023916
41700,0.023725
41800,0.024035
41900,0.024292
42000,0.024511
42100,0.023912
42200,0.023867
42300,0.023239
42400,0.023424
42500,0.024288
42600,0.024549
42700,0.024431
42800,0.024581
42900,0.02491
43000,0.024775
43100,0.024543
43200,0.024869
43300,0.024034
43400,0.023871
43500,0.024277
43600,0.024735
43700,0.025379
43800,0.025289
43900,0.025442
44000,0.02509
44100,0.025435
44200,0.024999
44300,0.025171
44400,0.025813
44500,0.025492
44600,0.025272
44700,0.025483
44800,0.024898
44900,0.024682
45000,0.024927
45100,0.025515
45200,0.025745
45300,0.025757
45400,0.026059
45500,0.026579
45600,0.025997
45700,0.026072
45800,0.026965
45900,0.026569
46000,0.026375
46100,0.026681
46200,0.026966
46300,0.026253
46400,0.026635
46500,0.026457
46600,0.026616
46700,0.026874
46800,0.026685
46900,0.027219
47000,0.026982
47100,0.027259
47200,0.027229
47300,0.027264
47400,0.027534
47500,0.027781
47600,0.027528
47700,0.027726
47800,0.027728
47900,0.027118
48000,0.027151
48100,0.027419
48200,0.0278
48300,0.027912
48400,0.027422
48500,0.028214
48600,0.028274
48700,0.028422
48800,0.028144
48900,0.027558
49000,0.027677
49100,0.029105
49200,0.028495
49300,0.028438
49400,0.028827
49500,0.028512
49600,0.028949
49700,0.028801
49800,0.028961
49900,0.028971
50000,0.029148
50100,0.029211
50200,0.028744
50300,0.027921
50400,0.029566
50500,0.029323
50600,0.029586
50700,0.02951
50800,0.029684
50900,0.028934
51000,0.02912
51100,0.029282
51200,0.029329
51300,0.029456
51400,0.030267
51500,0.029616
51600,0.029715
51700,0.029483
51800,0.029812
51900,0.030002
52000,0.030383
52100,0.02987
52200,0.031201
52300,0.030512
52400,0.030366
52500,0.030369
52600,0.030447
52700,0.030551
52800,0.030278
52900,0.03028
53000,0.030923
53100,0.030683
53200,0.030569
53300,0.030623
53400,0.030746
53500,0.030569
53600,0.031478
53700,0.031032
53800,0.031001
53900,0.031097
54000,0.030944
54100,0.030698
54200,0.032167
54300,0.031693
54400,0.03137
54500,0.031675
54600,0.031453
54700,0.03255
54800,0.031855
54900,0.032347
55000,0.031989
55100,0.031415
55200,0.033255
55300,0.032204
55400,0.032218
55500,0.032449
55600,0.031099
55700,0.033213
55800,0.032437
55900,0.032302
56000,0.032437
56100,0.033256
56200,0.032769
56300,0.032842
56400,0.032857
56500,0.033196
56600,0.041379
56700,0.033024
56800,0.033603
56900,0.033179
57000,0.03321
57100,0.033111
57200,0.033638
57300,0.03331
57400,0.033528
57500,0.033438
57600,0.033999
57700,0.033195
57800,0.033513
57900,0.032045
58000,0.03454
58100,0.03382
58200,0.033577
58300,0.032529
58400,0.034306
58500,0.034113
58600,0.034249
58700,0.033283
58800,0.034489
58900,0.033958
59000,0.03425
59100,0.033574
59200,0.03508
59300,0.034365
59400,0.034256
59500,0.035414
59600,0.034258
59700,0.034995
59800,0.035259
59900,0.034881
60000,0.034936
60100,0.035968
60200,0.035108
60300,0.035234
60400,0.035785
60500,0.035393
60600,0.035547
60700,0.035935
60800,0.035427
60900,0.035341
61000,0.037571
61100,0.035827
61200,0.035372
61300,0.036522
61400,0.035573
61500,0.035765
61600,0.036684
61700,0.035825
61800,0.035404
61900,0.036735
62000,0.036078
62100,0.03544
62200,0.036351
62300,0.036223
62400,0.035437
62500,0.036759
62600,0.035964
62700,0.035994
62800,0.037084
62900,0.035792
63000,0.03652
63100,0.03754
63200,0.036415
63300,0.036412
63400,0.037429
63500,0.036821
63600,0.037064
63700,0.037301
63800,0.037022
63900,0.037803
64000,0.037382
64100,0.036537
64200,0.037873
64300,0.037091
64400,0.036445
64500,0.037865
64600,0.037534
64700,0.036928
64800,0.038659
64900,0.037382
65000,0.0375
65100,0.037382
65200,0.037719
65300,0.038593
65400,0.038177
65500,0.03887
65600,0.038194
65700,0.039129
65800,0.037991
65900,0.0391
66000,0.038895
66100,0.039242
66200,0.038871
66300,0.039181
66400,0.038416
66500,0.039374
66600,0.038765
66700,0.039256
66800,0.039328
66900,0.04018
67000,0.038729
67100,0.040066
67200,0.039535
67300,0.039869
67400,0.039272
67500,0.039943
67600,0.039733
67700,0.040257
67800,0.039998
67900,0.040579
68000,0.039459
68100,0.040691
68200,0.039744
68300,0.041181
68400,0.039941
68500,0.042666
68600,0.040996
68700,0.040314
68800,0.041304
68900,0.040816
69000,0.041417
69100,0.040685
69200,0.041339
69300,0.040801
69400,0.04148
69500,0.040972
69600,0.041451
69700,0.040946
69800,0.041382
69900,0.040632
70000,0.041471
70100,0.040618
70200,0.041921
70300,0.041129
70400,0.041501
70500,0.041011
70600,0.042015
70700,0.041457
70800,0.041876
70900,0.041776
71000,0.042596
71100,0.0418
71200,0.042602
71300,0.041571
71400,0.042098
71500,0.042492
71600,0.042842
71700,0.041376
71800,0.042467
71900,0.042369
72000,0.04324
72100,0.042571
72200,0.04329
72300,0.042581
72400,0.043313
72500,0.042507
72600,0.043449
72700,0.043207
72800,0.043485
72900,0.042535
73000,0.04357
73100,0.043013
73200,0.043715
73300,0.042783
73400,0.043748
73500,0.04361
73600,0.043654
73700,0.0437
73800,0.044712
73900,0.043247
74000,0.043256
74100,0.044841
74200,0.043605
74300,0.044653
74400,0.043575
74500,0.045026
74600,0.043673
74700,0.044837
74800,0.044141
74900,0.045459
75000,0.044291
75100,0.044985
75200,0.043811
75300,0.044923
75400,0.044363
75500,0.045169
75600,0.0441
75700,0.045541
75800,0.044379
75900,0.045937
76000,0.043921
76100,0.045777
76200,0.04382
76300,0.045743
76400,0.043938
76500,0.045961
76600,0.04412
76700,0.045833
76800,0.044795
76900,0.045597
77000,0.044474
77100,0.046605
77200,0.044972
77300,0.045791
77400,0.045161
77500,0.04569
77600,0.044493
77700,0.048712
77800,0.044645
77900,0.046904
78000,0.04486
78100,0.046992
78200,0.044839
78300,0.047303
78400,0.045163
78500,0.060487
78600,0.046469
78700,0.045537
78800,0.047366
78900,0.045461
79000,0.047478
79100,0.045737
79200,0.047647
79300,0.045676
79400,0.048048
79500,0.045734
79600,0.047895
79700,0.046705
79800,0.047479
79900,0.047905
80000,0.046062
80100,0.048012
80200,0.046269
80300,0.048323
80400,0.04637
80500,0.048483
80600,0.046405
80700,0.048957
80800,0.047097
80900,0.047765
81000,0.048518
81100,0.046786
81200,0.048737
81300,0.047098
81400,0.0489
81500,0.046806
81600,0.049094
81700,0.046979
81800,0.04946
81900,0.046795
82000,0.048882
82100,0.047549
82200,0.049708
82300,0.049556
82400,0.047569
82500,0.049707
82600,0.047601
82700,0.049937
82800,0.047935
82900,0.05005
83000,0.050097
83100,0.047922
83200,0.050209
83300,0.050518
83400,0.050379
83500,0.050364
83600,0.050979
83700,0.050368
83800,0.050002
83900,0.057056
84000,0.053964
84100,0.055811
84200,0.054797
84300,0.0557
84400,0.055116
84500,0.054987
84600,0.055208
84700,0.057304
84800,0.056561
84900,0.056487
85000,0.057003
85100,0.057822
85200,0.053695
85300,0.051555
85400,0.051659
85500,0.051637
85600,0.051806
85700,0.052273
85800,0.051717
85900,0.051109
86000,0.052127
86100,0.052214
86200,0.052268
86300,0.052189
86400,0.052284
86500,0.051778
86600,0.05222
86700,0.051693
86800,0.052927
86900,0.052651
87000,0.060714
87100,0.052948
87200,0.052823
87300,0.052867
87400,0.052971
87500,0.052823
87600,0.053277
87700,0.053305
87800,0.053136
87900,0.052638
88000,0.053375
88100,0.053387
88200,0.053486
88300,0.053852
88400,0.053382
88500,0.052731
88600,0.053554
88700,0.052944
88800,0.053744
88900,0.053825
89000,0.053175
89100,0.054167
89200,0.053957
89300,0.05405
89400,0.054252
89500,0.054256
89600,0.054374
89700,0.054158
89800,0.054775
89900,0.05374
90000,0.054499
90100,0.054744
90200,0.055108
90300,0.054689
90400,0.054305
90500,0.054836
90600,0.054942
90700,0.055035
90800,0.054958
90900,0.055253
91000,0.055016
91100,0.055227
91200,0.055568
91300,0.055238
91400,0.055718
91500,0.055822
91600,0.055499
91700,0.056222
91800,0.056101
91900,0.05576
92000,0.055536
92100,0.055592
92200,0.055231
92300,0.055932
92400,0.055332
92500,0.056063
92600,0.056085
92700,0.056362
92800,0.056401
92900,0.056247
93000,0.056286
93100,0.056255
93200,0.056741
93300,0.056528
93400,0.056693
93500,0.056845
93600,0.057202
93700,0.056051
93800,0.056805
93900,0.056488
94000,0.056714
94100,0.057702
94200,0.057046
94300,0.057459
94400,0.056854
94500,0.058138
94600,0.056589
94700,0.057302
94800,0.05746
94900,0.057529
95000,0.064189
95100,0.058025
95200,0.057651
95300,0.057701
95400,0.05764
95500,0.057003
95600,0.058196
95700,0.057587
95800,0.057892
95900,0.057874
96000,0.057717
96100,0.057968
96200,0.057404
96300,0.057758
96400,0.059568
96500,0.058362
96600,0.058361
96700,0.059432
96800,0.058799
96900,0.058862
97000,0.058593
97100,0.058943
97200,0.058841
97300,0.059796
97400,0.058928
97500,0.05916
97600,0.059292
97700,0.058988
97800,0.05888
97900,0.059581
98000,0.059525
98100,0.059225
98200,0.058367
98300,0.059299
98400,0.059282
98500,0.05928
98600,0.059273
98700,0.059845
98800,0.060254
98900,0.060385
99000,0.060458
99100,0.059836
99200,0.06006
99300,0.060744
99400,0.059732
99500,0.060435
99600,0.060351
99700,0.060932
99800,0.060176
99900,0.060913
100000,0.061358
